fan_eff_mod,fan_flow_mod,LPC_eff_mod,LPC_flow_mod,HPC_eff_mod,HPC_flow_mod,HPT_eff_mod,HPT_flow_mod,LPT_eff_mod,LPT_flow_mod
0.0,0.0,0.0,0.0,0.0,0.0,-0.0006129831631684628,0.0,0.0,0.0
0.0,0.0,0.0,0.0,0.0,0.0,-0.0006257750228110259,0.0,0.0,0.0
0.0,0.0,0.0,0.0,0.0,0.0,-0.0006399811912737156,0.0,0.0,0.0
0.0,0.0,0.0,0.0,0.0,0.0,-0.0006554897229663912,0.0,0.0,0.0
0.0,0.0,0.0,0.0,0.0,0.0,-0.0006721884336370267,0.0,0.0,0.0
0.0,0.0,0.0,0.0,0.0,0.0,-0.0006899656823688592,0.0,0.0,0.0
0.0,0.0,0.0,0.0,0.0,0.0,-0.000708711128131223,0.0,0.0,0.0
0.0,0.0,0.0,0.0,0.0,0.0,-0.0007283164540944609,0.0,0.0,0.0
0.0,0.0,0.0,0.0,0.0,0.0,-0.0007486760534054998,0.0,0.0,0.0
0.0,0.0,0.0,0.0,0.0,0.0,-0.0007696876706904778,0.0,0.0,0.0
0.0,0.0,0.0,0.0,0.0,0.0,-0.0007912529941952787,0.0,0.0,0.0
0.0,0.0,0.0,0.0,0.0,0.0,-0.000813278194186477,0.0,0.0,0.0
0.0,0.0,0.0,0.0,0.0,0.0,-0.0008356744040024849,0.0,0.0,0.0
0.0,0.0,0.0,0.0,0.0,0.0,-0.0008583581409581944,0.0,0.0,0.0
0.0,0.0,0.0,0.0,0.0,0.0,-0.0008812516651526873,0.0,0.0,0.0
0.0,0.0,0.0,0.0,0.0,0.0,-0.0009042832750975919,0.0,0.0,0.0
0.0,0.0,0.0,0.0,0.0,0.0,-0.0009273875399588355,0.0,0.0,0.0
0.0,0.0,0.0,0.0,0.0,0.0,-0.0009505054690742793,0.0,0.0,0.0
0.0,0.0,0.0,0.0,0.0,0.0,-0.0009735846202609151,0.0,0.0,0.0
0.0,0.0,0.0,0.0,0.0,0.0,-0.0009965791492431444,0.0,0.0,0.0
0.0,0.0,0.0,0.0,0.0,0.0,-0.0010194498033065922,0.0,0.0,0.0
0.0,0.0,0.0,0.0,0.0,0.0,-0.001042163862996558,0.0,0.0,0.0
0.0,0.0,0.0,0.0,0.0,0.0,-0.0010646950363252111,0.0,0.0,0.0
0.0,0.0,0.0,0.0,0.0,0.0,-0.0010870233105158937,0.0,0.0,0.0
0.0,0.0,0.0,0.0,0.0,0.0,-0.0011091347667870842,0.0,0.0,0.0
0.0,0.0,0.0,0.0,0.0,0.0,-0.0011310213640549176,0.0,0.0,0.0
0.0,0.0,0.0,0.0,0.0,0.0,-0.0011526806977032946,0.0,0.0,0.0
0.0,0.0,0.0,0.0,0.0,0.0,-0.0011741157397319965,0.0,0.0,0.0
0.0,0.0,0.0,0.0,0.0,0.0,-0.0011953345666398819,0.0,0.0,0.0
0.0,0.0,0.0,0.0,0.0,0.0,-0.001216350081332804,0.0,0.0,0.0
0.0,0.0,0.0,0.0,0.0,0.0,-0.0012371797351634663,0.0,0.0,0.0
0.0,0.0,0.0,0.0,0.0,0.0,-0.00125784525591609,0.0,0.0,0.0
0.0,0.0,0.0,0.0,0.0,0.0,-0.0012783723871464241,0.0,0.0,0.0
0.0,0.0,0.0,0.0,0.0,0.0,-0.0012987906437836433,0.0,0.0,0.0
0.0,0.0,0.0,0.0,0.0,0.0,-0.001319133088303027,0.0,0.0,0.0
0.0,0.0,0.0,0.0,0.0,0.0,-0.0013394361310963806,0.0,0.0,0.0
0.0,0.0,0.0,0.0,0.0,0.0,-0.001114533945542998,0.0,0.0,0.0
0.0,0.0,0.0,0.0,0.0,0.0,-0.001157307562861773,0.0,0.0,0.0
0.0,0.0,0.0,0.0,0.0,0.0,-0.001201144516428707,0.0,0.0,0.0
0.0,0.0,0.0,0.0,0.0,0.0,-0.0012458042637028036,0.0,0.0,0.0
0.0,0.0,0.0,0.0,0.0,0.0,-0.001291064380677779,0.0,0.0,0.0
0.0,0.0,0.0,0.0,0.0,0.0,-0.0013367253435605593,0.0,0.0,0.0
0.0,0.0,0.0,0.0,0.0,0.0,-0.0013826152955212613,0.0,0.0,0.0
0.0,0.0,0.0,0.0,0.0,0.0,-0.0014285947399616836,0.0,0.0,0.0
0.0,0.0,0.0,0.0,0.0,0.0,-0.0014745610998487613,0.0,0.0,0.0
0.0,0.0,0.0,0.0,0.0,0.0,-0.001520453081445812,0.0,0.0,0.0
0.0,0.0,0.0,0.0,0.0,0.0,-0.0015662547802991274,0.0,0.0,0.0
0.0,0.0,0.0,0.0,0.0,0.0,-0.0016119994676263745,0.0,0.0,0.0
0.0,0.0,0.0,0.0,0.0,0.0,-0.001657772996343948,0.0,0.0,0.0
0.0,0.0,0.0,0.0,0.0,0.0,-0.0017037167678730478,0.0,0.0,0.0
0.0,0.0,0.0,0.0,0.0,0.0,-0.0017500302035871147,0.0,0.0,0.0
0.0,0.0,0.0,0.0,0.0,0.0,-0.0017969726683016289,0.0,0.0,0.0
0.0,0.0,0.0,0.0,0.0,0.0,-0.0018448647975430805,0.0,0.0,0.0
0.0,0.0,0.0,0.0,0.0,0.0,-0.0018940891854405282,0.0,0.0,0.0
0.0,0.0,0.0,0.0,0.0,0.0,-0.0019450903959179636,0.0,0.0,0.0
0.0,0.0,0.0,0.0,0.0,0.0,-0.001998374266379546,0.0,0.0,0.0
0.0,0.0,0.0,0.0,0.0,0.0,-0.0020545064802093274,0.0,0.0,0.0
0.0,0.0,0.0,0.0,0.0,0.0,-0.0021141103920768005,0.0,0.0,0.0
0.0,0.0,0.0,0.0,0.0,0.0,-0.002177864098172235,0.0,0.0,0.0
0.0,0.0,0.0,0.0,0.0,0.0,-0.0022464967519934603,0.0,0.0,0.0
0.0,0.0,0.0,0.0,0.0,0.0,-0.0023207841350732193,0.0,0.0,0.0
0.0,0.0,0.0,0.0,0.0,0.0,-0.002401543500967512,0.0,0.0,0.0
0.0,0.0,0.0,0.0,0.0,0.0,-0.0024896277198082134,0.0,0.0,0.0
0.0,0.0,0.0,0.0,0.0,0.0,-0.002585918759643719,0.0,0.0,0.0
0.0,0.0,0.0,0.0,0.0,0.0,-0.0026913205495356857,0.0,0.0,0.0
0.0,0.0,0.0,0.0,0.0,0.0,-0.002806751277826391,0.0,0.0,0.0
0.0,0.0,0.0,0.0,0.0,0.0,-0.0029331351870294465,0.0,0.0,0.0
0.0,0.0,0.0,0.0,0.0,0.0,-0.003071393934312297,0.0,0.0,0.0
0.0,0.0,0.0,0.0,0.0,0.0,-0.003222437593420475,0.0,0.0,0.0
0.0,0.0,0.0,0.0,0.0,0.0,-0.0033871553800486776,0.0,0.0,0.0
0.0,0.0,0.0,0.0,0.0,0.0,-0.0035664061879870355,0.0,0.0,0.0
0.0,0.0,0.0,0.0,0.0,0.0,-0.003761009027787726,0.0,0.0,0.0
0.0,0.0,0.0,0.0,0.0,0.0,-0.003971733463129673,0.0,0.0,0.0
0.0,0.0,0.0,0.0,0.0,0.0,-0.004199290142443757,0.0,0.0,0.0
0.0,0.0,0.0,0.0,0.0,0.0,-0.004444321524654675,0.0,0.0,0.0
0.0,0.0,0.0,0.0,0.0,0.0,-0.004707392898056114,0.0,0.0,0.0
0.0,0.0,0.0,0.0,0.0,0.0,-0.004988983790350729,0.0,0.0,0.0
0.0,0.0,0.0,0.0,0.0,0.0,-0.005289479865742212,0.0,0.0,0.0
0.0,0.0,0.0,0.0,0.0,0.0,-0.005609165401680881,0.0,0.0,0.0
0.0,0.0,0.0,0.0,0.0,0.0,-0.005948216433454773,0.0,0.0,0.0
0.0,0.0,0.0,0.0,0.0,0.0,-0.006306694649331944,0.0,0.0,0.0
0.0,0.0,0.0,0.0,0.0,0.0,-0.0066845421124452605,0.0,0.0,0.0
0.0,0.0,0.0,0.0,0.0,0.0,-0.00708157687814351,0.0,0.0,0.0
0.0,0.0,0.0,0.0,0.0,0.0,-0.007497489567186636,0.0,0.0,0.0
0.0,0.0,0.0,0.0,0.0,0.0,-0.007931840946041609,0.0,0.0,0.0
0.0,0.0,0.0,0.0,0.0,0.0,-0.008384060555733614,0.0,0.0,0.0
0.0,0.0,0.0,0.0,0.0,0.0,-0.008853446420347556,0.0,0.0,0.0
0.0,0.0,0.0,0.0,0.0,0.0,-0.009339165855475524,0.0,0.0,0.0
0.0,0.0,0.0,0.0,0.0,0.0,-0.009840257385792953,0.0,0.0,0.0
0.0,0.0,0.0,0.0,0.0,0.0,-0.0103556337696607,0.0,0.0,0.0
0.0,0.0,0.0,0.0,0.0,0.0,-0.010884086117315,0.0,0.0,0.0
0.0,0.0,0.0,0.0,0.0,0.0,-0.0114242890779723,0.0,0.0,0.0
0.0,0.0,0.0,0.0,0.0,0.0,-0.011974807060162839,0.0,0.0,0.0
0.0,0.0,0.0,0.0,0.0,0.0,-0.012534101438959257,0.0,0.0,0.0
0.0,0.0,0.0,0.0,0.0,0.0,-0.013100538693601458,0.0,0.0,0.0
0.0,0.0,0.0,0.0,0.0,0.0,-0.013672399409465177,0.0,0.0,0.0
0.0,0.0,0.0,0.0,0.0,0.0,-0.014247888069485536,0.0,0.0,0.0
0.0,0.0,0.0,0.0,0.0,0.0,-0.014825143552134613,0.0,0.0,0.0
0.0,0.0,0.0,0.0,0.0,0.0,-0.015402250245954116,0.0,0.0,0.0
0.0,0.0,0.0,0.0,0.0,0.0,-0.015977249684541235,0.0,0.0,0.0
0.0,0.0,0.0,0.0,0.0,0.0,-0.0006427960571537966,0.0,0.0,0.0
0.0,0.0,0.0,0.0,0.0,0.0,-0.0006449082823284848,0.0,0.0,0.0
0.0,0.0,0.0,0.0,0.0,0.0,-0.000649588755237439,0.0,0.0,0.0
0.0,0.0,0.0,0.0,0.0,0.0,-0.0006567817019794112,0.0,0.0,0.0
0.0,0.0,0.0,0.0,0.0,0.0,-0.0006664242000759793,0.0,0.0,0.0
0.0,0.0,0.0,0.0,0.0,0.0,-0.0006784468397285129,0.0,0.0,0.0
0.0,0.0,0.0,0.0,0.0,0.0,-0.0006927744521137767,0.0,0.0,0.0
0.0,0.0,0.0,0.0,0.0,0.0,-0.0007093268995830241,0.0,0.0,0.0
0.0,0.0,0.0,0.0,0.0,0.0,-0.0007280199218024381,0.0,0.0,0.0
0.0,0.0,0.0,0.0,0.0,0.0,-0.0007487660310753104,0.0,0.0,0.0
0.0,0.0,0.0,0.0,0.0,0.0,-0.0007714754493295633,0.0,0.0,0.0
0.0,0.0,0.0,0.0,0.0,0.0,-0.0007960570785481729,0.0,0.0,0.0
0.0,0.0,0.0,0.0,0.0,0.0,-0.0008224194957755339,0.0,0.0,0.0
0.0,0.0,0.0,0.0,0.0,0.0,-0.0008504719632607318,0.0,0.0,0.0
0.0,0.0,0.0,0.0,0.0,0.0,-0.0008801254438072356,0.0,0.0,0.0
0.0,0.0,0.0,0.0,0.0,0.0,-0.0009112936109991919,0.0,0.0,0.0
0.0,0.0,0.0,0.0,0.0,0.0,-0.000943893843673699,0.0,0.0,0.0
0.0,0.0,0.0,0.0,0.0,0.0,-0.0009778481938150538,0.0,0.0,0.0
0.0,0.0,0.0,0.0,0.0,0.0,-0.0009153792126565014,0.0,0.0,0.0
0.0,0.0,0.0,0.0,0.0,0.0,-0.0009672401047277255,0.0,0.0,0.0
0.0,0.0,0.0,0.0,0.0,0.0,-0.0010174464450582689,0.0,0.0,0.0
0.0,0.0,0.0,0.0,0.0,0.0,-0.0010660600675418586,0.0,0.0,0.0
0.0,0.0,0.0,0.0,0.0,0.0,-0.0011132095843886507,0.0,0.0,0.0
0.0,0.0,0.0,0.0,0.0,0.0,-0.0011590928397493551,0.0,0.0,0.0
0.0,0.0,0.0,0.0,0.0,0.0,-0.0012039787402461383,0.0,0.0,0.0
0.0,0.0,0.0,0.0,0.0,0.0,-0.0012482084166159611,0.0,0.0,0.0
0.0,0.0,0.0,0.0,0.0,0.0,-0.0012921956762788536,0.0,0.0,0.0
0.0,0.0,0.0,0.0,0.0,0.0,-0.001336426712922883,0.0,0.0,0.0
0.0,0.0,0.0,0.0,0.0,0.0,-0.0013814590460983814,0.0,0.0,0.0
0.0,0.0,0.0,0.0,0.0,0.0,-0.0014279196712667502,0.0,0.0,0.0
0.0,0.0,0.0,0.0,0.0,0.0,-0.001476502408688149,0.0,0.0,0.0
0.0,0.0,0.0,0.0,0.0,0.0,-0.0015279644478676403,0.0,0.0,0.0
0.0,0.0,0.0,0.0,0.0,0.0,-0.0015831220929275547,0.0,0.0,0.0
0.0,0.0,0.0,0.0,0.0,0.0,-0.001642845723133262,0.0,0.0,0.0
0.0,0.0,0.0,0.0,0.0,0.0,-0.0017080539917737137,0.0,0.0,0.0
0.0,0.0,0.0,0.0,0.0,0.0,-0.001779707295572148,0.0,0.0,0.0
0.0,0.0,0.0,0.0,0.0,0.0,-0.0018588005556782932,0.0,0.0,0.0
0.0,0.0,0.0,0.0,0.0,0.0,-0.0019463553599471642,0.0,0.0,0.0
0.0,0.0,0.0,0.0,0.0,0.0,-0.0020434115245412925,0.0,0.0,0.0
0.0,0.0,0.0,0.0,0.0,0.0,-0.0021510181407852656,0.0,0.0,0.0
0.0,0.0,0.0,0.0,0.0,0.0,-0.002270224180553485,0.0,0.0,0.0
0.0,0.0,0.0,0.0,0.0,0.0,-0.0024020687401736943,0.0,0.0,0.0
0.0,0.0,0.0,0.0,0.0,0.0,-0.0025475710087963033,0.0,0.0,0.0
0.0,0.0,0.0,0.0,0.0,0.0,-0.0027077200523088654,0.0,0.0,0.0
0.0,0.0,0.0,0.0,0.0,0.0,-0.0028834645081012504,0.0,0.0,0.0
0.0,0.0,0.0,0.0,0.0,0.0,-0.0030757022892308325,0.0,0.0,0.0
0.0,0.0,0.0,0.0,0.0,0.0,-0.0032852703987424764,0.0,0.0,0.0
0.0,0.0,0.0,0.0,0.0,0.0,-0.0035129349560233526,0.0,0.0,0.0
0.0,0.0,0.0,0.0,0.0,0.0,-0.003759381537076887,0.0,0.0,0.0
0.0,0.0,0.0,0.0,0.0,0.0,-0.004025205929470959,0.0,0.0,0.0
0.0,0.0,0.0,0.0,0.0,0.0,-0.004310905400447042,0.0,0.0,0.0
0.0,0.0,0.0,0.0,0.0,0.0,-0.004616870573272069,0.0,0.0,0.0
0.0,0.0,0.0,0.0,0.0,0.0,-0.004943378002408116,0.0,0.0,0.0
0.0,0.0,0.0,0.0,0.0,0.0,-0.005290583532495427,0.0,0.0,0.0
0.0,0.0,0.0,0.0,0.0,0.0,-0.005658516519551981,0.0,0.0,0.0
0.0,0.0,0.0,0.0,0.0,0.0,-0.006047074985243072,0.0,0.0,0.0
0.0,0.0,0.0,0.0,0.0,0.0,-0.006456021766663685,0.0,0.0,0.0
0.0,0.0,0.0,0.0,0.0,0.0,-0.0068849817148723975,0.0,0.0,0.0
0.0,0.0,0.0,0.0,0.0,0.0,-0.007333439985539475,0.0,0.0,0.0
0.0,0.0,0.0,0.0,0.0,0.0,-0.007800741454622135,0.0,0.0,0.0
0.0,0.0,0.0,0.0,0.0,0.0,-0.008286091281079004,0.0,0.0,0.0
0.0,0.0,0.0,0.0,0.0,0.0,-0.008788556627407214,0.0,0.0,0.0
0.0,0.0,0.0,0.0,0.0,0.0,-0.009307069537360789,0.0,0.0,0.0
0.0,0.0,0.0,0.0,0.0,0.0,-0.00984043095871689,0.0,0.0,0.0
0.0,0.0,0.0,0.0,0.0,0.0,-0.010387315887533142,0.0,0.0,0.0
0.0,0.0,0.0,0.0,0.0,0.0,-0.010946279599117623,0.0,0.0,0.0
0.0,0.0,0.0,0.0,0.0,0.0,-0.011515764920044127,0.0,0.0,0.0
0.0,0.0,0.0,0.0,0.0,0.0,-0.012094110485110405,0.0,0.0,0.0
0.0,0.0,0.0,0.0,0.0,0.0,-0.012679559913288391,0.0,0.0,0.0
0.0,0.0,0.0,0.0,0.0,0.0,-0.013270271827554024,0.0,0.0,0.0
0.0,0.0,0.0,0.0,0.0,0.0,-0.013864330635122367,0.0,0.0,0.0
0.0,0.0,0.0,0.0,0.0,0.0,-0.0144597579771436,0.0,0.0,0.0
0.0,0.0,0.0,0.0,0.0,0.0,-0.015054524750421128,0.0,0.0,0.0
0.0,0.0,0.0,0.0,0.0,0.0,-0.015646563598262355,0.0,0.0,0.0
0.0,0.0,0.0,0.0,0.0,0.0,-0.016233781763225492,0.0,0.0,0.0
0.0,0.0,0.0,0.0,0.0,0.0,-0.0010453830061068776,0.0,0.0,0.0
0.0,0.0,0.0,0.0,0.0,0.0,-0.0010526006885676052,0.0,0.0,0.0
0.0,0.0,0.0,0.0,0.0,0.0,-0.0010609426683347535,0.0,0.0,0.0
0.0,0.0,0.0,0.0,0.0,0.0,-0.0010703430673867308,0.0,0.0,0.0
0.0,0.0,0.0,0.0,0.0,0.0,-0.0010807371996256199,0.0,0.0,0.0
0.0,0.0,0.0,0.0,0.0,0.0,-0.00109206205610689,0.0,0.0,0.0
0.0,0.0,0.0,0.0,0.0,0.0,-0.0011042567590192993,0.0,0.0,0.0
0.0,0.0,0.0,0.0,0.0,0.0,-0.0011172629801710558,0.0,0.0,0.0
0.0,0.0,0.0,0.0,0.0,0.0,-0.0011310253201735443,0.0,0.0,0.0
0.0,0.0,0.0,0.0,0.0,0.0,-0.001145491644997886,0.0,0.0,0.0
0.0,0.0,0.0,0.0,0.0,0.0,-0.001160613377103885,0.0,0.0,0.0
0.0,0.0,0.0,0.0,0.0,0.0,-0.0011763457389001543,0.0,0.0,0.0
0.0,0.0,0.0,0.0,0.0,0.0,-0.001192647946880941,0.0,0.0,0.0
0.0,0.0,0.0,0.0,0.0,0.0,-0.0012094833553914991,0.0,0.0,0.0
0.0,0.0,0.0,0.0,0.0,0.0,-0.0012268195495922255,0.0,0.0,0.0
0.0,0.0,0.0,0.0,0.0,0.0,-0.0012446283878138928,0.0,0.0,0.0
0.0,0.0,0.0,0.0,0.0,0.0,-0.0012628859941132167,0.0,0.0,0.0
0.0,0.0,0.0,0.0,0.0,0.0,-0.0012815727024425671,0.0,0.0,0.0
0.0,0.0,0.0,0.0,0.0,0.0,-0.0013006729544301774,0.0,0.0,0.0
0.0,0.0,0.0,0.0,0.0,0.0,-0.0013201751533212882,0.0,0.0,0.0
0.0,0.0,0.0,0.0,0.0,0.0,-0.0013400714771470636,0.0,0.0,0.0
0.0,0.0,0.0,0.0,0.0,0.0,-0.0013603576546611317,0.0,0.0,0.0
0.0,0.0,0.0,0.0,0.0,0.0,-0.00138103270800554,0.0,0.0,0.0
0.0,0.0,0.0,0.0,0.0,0.0,-0.0014020986664336878,0.0,0.0,0.0
0.0,0.0,0.0,0.0,0.0,0.0,-0.0014235602557215858,0.0,0.0,0.0
0.0,0.0,0.0,0.0,0.0,0.0,-0.0013171066902628059,0.0,0.0,0.0
0.0,0.0,0.0,0.0,0.0,0.0,-0.0013348482803218435,0.0,0.0,0.0
0.0,0.0,0.0,0.0,0.0,0.0,-0.001354784490718828,0.0,0.0,0.0
0.0,0.0,0.0,0.0,0.0,0.0,-0.0013768447640436967,0.0,0.0,0.0
0.0,0.0,0.0,0.0,0.0,0.0,-0.0014009501880858479,0.0,0.0,0.0
0.0,0.0,0.0,0.0,0.0,0.0,-0.0014270141254541634,0.0,0.0,0.0
0.0,0.0,0.0,0.0,0.0,0.0,-0.0014549429575128176,0.0,0.0,0.0
0.0,0.0,0.0,0.0,0.0,0.0,-0.001484636940929694,0.0,0.0,0.0
0.0,0.0,0.0,0.0,0.0,0.0,-0.0015159911736156127,0.0,0.0,0.0
0.0,0.0,0.0,0.0,0.0,0.0,-0.0015488966652590242,0.0,0.0,0.0
0.0,0.0,0.0,0.0,0.0,0.0,-0.0015832415060590267,0.0,0.0,0.0
0.0,0.0,0.0,0.0,0.0,0.0,-0.0016189121256448757,0.0,0.0,0.0
0.0,0.0,0.0,0.0,0.0,0.0,-0.0016557946325678457,0.0,0.0,0.0
0.0,0.0,0.0,0.0,0.0,0.0,-0.0016937762231854885,0.0,0.0,0.0
0.0,0.0,0.0,0.0,0.0,0.0,-0.0017327466472490073,0.0,0.0,0.0
0.0,0.0,0.0,0.0,0.0,0.0,-0.0017725997160819955,0.0,0.0,0.0
0.0,0.0,0.0,0.0,0.0,0.0,-0.0018132348379240595,0.0,0.0,0.0
0.0,0.0,0.0,0.0,0.0,0.0,-0.0018545585638276348,0.0,0.0,0.0
0.0,0.0,0.0,0.0,0.0,0.0,-0.0018964861264739962,0.0,0.0,0.0
0.0,0.0,0.0,0.0,0.0,0.0,-0.00193894295342156,0.0,0.0,0.0
0.0,0.0,0.0,0.0,0.0,0.0,-0.001981866135654351,0.0,0.0,0.0
0.0,0.0,0.0,0.0,0.0,0.0,-0.0020252058318645616,0.0,0.0,0.0
0.0,0.0,0.0,0.0,0.0,0.0,-0.0020689265887058315,0.0,0.0,0.0
0.0,0.0,0.0,0.0,0.0,0.0,-0.002113008557304655,0.0,0.0,0.0
0.0,0.0,0.0,0.0,0.0,0.0,-0.0021574485866233456,0.0,0.0,0.0
0.0,0.0,0.0,0.0,0.0,0.0,-0.0022022611748438374,0.0,0.0,0.0
0.0,0.0,0.0,0.0,0.0,0.0,-0.0022474792607804733,0.0,0.0,0.0
0.0,0.0,0.0,0.0,0.0,0.0,-0.0022931548384440984,0.0,0.0,0.0
0.0,0.0,0.0,0.0,0.0,0.0,-0.002339359379252166,0.0,0.0,0.0
0.0,0.0,0.0,0.0,0.0,0.0,-0.0023861840480145034,0.0,0.0,0.0
0.0,0.0,0.0,0.0,0.0,0.0,-0.002433739700699525,0.0,0.0,0.0
0.0,0.0,0.0,0.0,0.0,0.0,-0.002482156654090582,0.0,0.0,0.0
0.0,0.0,0.0,0.0,0.0,0.0,-0.002531584219757059,0.0,0.0,0.0
0.0,0.0,0.0,0.0,0.0,0.0,-0.0025821899972627168,0.0,0.0,0.0
0.0,0.0,0.0,0.0,0.0,0.0,-0.002634158924189423,0.0,0.0,0.0
0.0,0.0,0.0,0.0,0.0,0.0,-0.0026876920833385086,0.0,0.0,0.0
0.0,0.0,0.0,0.0,0.0,0.0,-0.0027430052703505845,0.0,0.0,0.0
0.0,0.0,0.0,0.0,0.0,0.0,-0.002800327327920342,0.0,0.0,0.0
0.0,0.0,0.0,0.0,0.0,0.0,-0.002859898255743139,0.0,0.0,0.0
0.0,0.0,0.0,0.0,0.0,0.0,-0.0029219671082690904,0.0,0.0,0.0
0.0,0.0,0.0,0.0,0.0,0.0,-0.0029867896952292597,0.0,0.0,0.0
0.0,0.0,0.0,0.0,0.0,0.0,-0.003054626102681866,0.0,0.0,0.0
0.0,0.0,0.0,0.0,0.0,0.0,-0.0031257380549832223,0.0,0.0,0.0
0.0,0.0,0.0,0.0,0.0,0.0,-0.0032003861405631765,0.0,0.0,0.0
0.0,0.0,0.0,0.0,0.0,0.0,-0.0032788269266511103,0.0,0.0,0.0
0.0,0.0,0.0,0.0,0.0,0.0,-0.0033613099901192095,0.0,0.0,0.0
0.0,0.0,0.0,0.0,0.0,0.0,-0.0034480748933482536,0.0,0.0,0.0
0.0,0.0,0.0,0.0,0.0,0.0,-0.003539348135454695,0.0,0.0,0.0
0.0,0.0,0.0,0.0,0.0,0.0,-0.003635340110316318,0.0,0.0,0.0
0.0,0.0,0.0,0.0,0.0,0.0,-0.0037362421035778077,0.0,0.0,0.0
0.0,0.0,0.0,0.0,0.0,0.0,-0.003842223361190154,0.0,0.0,0.0
0.0,0.0,0.0,0.0,0.0,0.0,-0.003953428262028079,0.0,0.0,0.0
0.0,0.0,0.0,0.0,0.0,0.0,-0.004069973626727502,0.0,0.0,0.0
0.0,0.0,0.0,0.0,0.0,0.0,-0.00419194619409448,0.0,0.0,0.0
0.0,0.0,0.0,0.0,0.0,0.0,-0.004319400295255994,0.0,0.0,0.0
0.0,0.0,0.0,0.0,0.0,0.0,-0.004452355754164296,0.0,0.0,0.0
0.0,0.0,0.0,0.0,0.0,0.0,-0.004590796041145035,0.0,0.0,0.0
0.0,0.0,0.0,0.0,0.0,0.0,-0.004734666703910336,0.0,0.0,0.0
0.0,0.0,0.0,0.0,0.0,0.0,-0.004883874097873409,0.0,0.0,0.0
0.0,0.0,0.0,0.0,0.0,0.0,-0.0050382844347214295,0.0,0.0,0.0
0.0,0.0,0.0,0.0,0.0,0.0,-0.005197723165069403,0.0,0.0,0.0
0.0,0.0,0.0,0.0,0.0,0.0,-0.0053619747076616275,0.0,0.0,0.0
0.0,0.0,0.0,0.0,0.0,0.0,-0.005530782534051995,0.0,0.0,0.0
0.0,0.0,0.0,0.0,0.0,0.0,-0.005703849614021038,0.0,0.0,0.0
0.0,0.0,0.0,0.0,0.0,0.0,-0.005880839223222408,0.0,0.0,0.0
0.0,0.0,0.0,0.0,0.0,0.0,-0.006061376110741092,0.0,0.0,0.0
0.0,0.0,0.0,0.0,0.0,0.0,-0.006245048020435837,0.0,0.0,0.0
0.0,0.0,0.0,0.0,0.0,0.0,-0.006431407556176722,0.0,0.0,0.0
0.0,0.0,0.0,0.0,0.0,0.0,-0.00661997437742401,0.0,0.0,0.0
0.0,0.0,0.0,0.0,0.0,0.0,-0.006810237708069258,0.0,0.0,0.0
0.0,0.0,0.0,0.0,0.0,0.0,-0.007001659138116953,0.0,0.0,0.0
0.0,0.0,0.0,0.0,0.0,0.0,-0.0071936756946721185,0.0,0.0,0.0
0.0,0.0,0.0,0.0,0.0,0.0,-0.007385703155842445,0.0,0.0,0.0
0.0,0.0,0.0,0.0,0.0,0.0,-0.00757713957861067,0.0,0.0,0.0
0.0,0.0,0.0,0.0,0.0,0.0,-0.007767369009502586,0.0,0.0,0.0
0.0,0.0,0.0,0.0,0.0,0.0,-0.00030855650012528036,0.0,0.0,0.0
0.0,0.0,0.0,0.0,0.0,0.0,-0.0003213613889897892,0.0,0.0,0.0
0.0,0.0,0.0,0.0,0.0,0.0,-0.0003352071019468131,0.0,0.0,0.0
0.0,0.0,0.0,0.0,0.0,0.0,-0.0003499869517150098,0.0,0.0,0.0
0.0,0.0,0.0,0.0,0.0,0.0,-0.0003655978657325469,0.0,0.0,0.0
0.0,0.0,0.0,0.0,0.0,0.0,-0.0003819410981151885,0.0,0.0,0.0
0.0,0.0,0.0,0.0,0.0,0.0,-0.0003989228801759472,0.0,0.0,0.0
0.0,0.0,0.0,0.0,0.0,0.0,-0.00041645500397052664,0.0,0.0,0.0
0.0,0.0,0.0,0.0,0.0,0.0,-0.0004344553342564921,0.0,0.0,0.0
0.0,0.0,0.0,0.0,0.0,0.0,-0.00045284824524295534,0.0,0.0,0.0
0.0,0.0,0.0,0.0,0.0,0.0,-0.0004715649795450465,0.0,0.0,0.0
0.0,0.0,0.0,0.0,0.0,0.0,-0.0004905439278311587,0.0,0.0,0.0
0.0,0.0,0.0,0.0,0.0,0.0,-0.0005097308287422826,0.0,0.0,0.0
0.0,0.0,0.0,0.0,0.0,0.0,-0.0005290788897583574,0.0,0.0,0.0
0.0,0.0,0.0,0.0,0.0,0.0,-0.0005485488307667694,0.0,0.0,0.0
0.0,0.0,0.0,0.0,0.0,0.0,-0.0005681088531387709,0.0,0.0,0.0
0.0,0.0,0.0,0.0,0.0,0.0,-0.0005877345381227381,0.0,0.0,0.0
0.0,0.0,0.0,0.0,0.0,0.0,-0.000607408679303242,0.0,0.0,0.0
0.0,0.0,0.0,0.0,0.0,0.0,-0.000627121054736929,0.0,0.0,0.0
0.0,0.0,0.0,0.0,0.0,0.0,-0.0006468681451454036,0.0,0.0,0.0
0.0,0.0,0.0,0.0,0.0,0.0,-0.0006666528052099744,0.0,0.0,0.0
0.0,0.0,0.0,0.0,0.0,0.0,-0.0006864838955599815,0.0,0.0,0.0
0.0,0.0,0.0,0.0,0.0,0.0,-0.0007063758834680335,0.0,0.0,0.0
0.0,0.0,0.0,0.0,0.0,0.0,-0.0007263484205520931,0.0,0.0,0.0
0.0,0.0,0.0,0.0,0.0,0.0,-0.0007464259059316949,0.0,0.0,0.0
0.0,0.0,0.0,0.0,0.0,0.0,-0.0007666370432893987,0.0,0.0,0.0
0.0,0.0,0.0,0.0,0.0,0.0,-0.0007870144001479481,0.0,0.0,0.0
0.0,0.0,0.0,0.0,0.0,0.0,-0.0008075939773898497,0.0,0.0,0.0
0.0,0.0,0.0,0.0,0.0,0.0,-0.0008284147966221888,0.0,0.0,0.0
0.0,0.0,0.0,0.0,0.0,0.0,-0.0008495185124323319,0.0,0.0,0.0
0.0,0.0,0.0,0.0,0.0,0.0,-0.0008709490558967696,0.0,0.0,0.0
0.0,0.0,0.0,0.0,0.0,0.0,-0.0008927523149068048,0.0,0.0,0.0
0.0,0.0,0.0,0.0,0.0,0.0,-0.0009149758559741338,0.0,0.0,0.0
0.0,0.0,0.0,0.0,0.0,0.0,-0.00093766869118904,0.0,0.0,0.0
0.0,0.0,0.0,0.0,0.0,0.0,-0.0009608810929421043,0.0,0.0,0.0
0.0,0.0,0.0,0.0,0.0,0.0,-0.0009846644579033083,0.0,0.0,0.0
0.0,0.0,0.0,0.0,0.0,0.0,-0.0010090712205985835,0.0,0.0,0.0
0.0,0.0,0.0,0.0,0.0,0.0,-0.000987908418349402,0.0,0.0,0.0
0.0,0.0,0.0,0.0,0.0,0.0,-0.0010433953448242155,0.0,0.0,0.0
0.0,0.0,0.0,0.0,0.0,0.0,-0.0010998106703607922,0.0,0.0,0.0
0.0,0.0,0.0,0.0,0.0,0.0,-0.0011569944378012021,0.0,0.0,0.0
0.0,0.0,0.0,0.0,0.0,0.0,-0.0012148266203750938,0.0,0.0,0.0
0.0,0.0,0.0,0.0,0.0,0.0,-0.0012732321028799311,0.0,0.0,0.0
0.0,0.0,0.0,0.0,0.0,0.0,-0.0013321853723245246,0.0,0.0,0.0
0.0,0.0,0.0,0.0,0.0,0.0,-0.0013917148472276162,0.0,0.0,0.0
0.0,0.0,0.0,0.0,0.0,0.0,-0.0014519067760780722,0.0,0.0,0.0
0.0,0.0,0.0,0.0,0.0,0.0,-0.0015129086377096822,0.0,0.0,0.0
0.0,0.0,0.0,0.0,0.0,0.0,-0.001574931979531923,0.0,0.0,0.0
0.0,0.0,0.0,0.0,0.0,0.0,-0.0016382546336735837,0.0,0.0,0.0
0.0,0.0,0.0,0.0,0.0,0.0,-0.0017032222561261532,0.0,0.0,0.0
0.0,0.0,0.0,0.0,0.0,0.0,-0.001770249139875149,0.0,0.0,0.0
0.0,0.0,0.0,0.0,0.0,0.0,-0.001839818259739388,0.0,0.0,0.0
0.0,0.0,0.0,0.0,0.0,0.0,-0.0019124805141381787,0.0,0.0,0.0
0.0,0.0,0.0,0.0,0.0,0.0,-0.001988853137196276,0.0,0.0,0.0
0.0,0.0,0.0,0.0,0.0,0.0,-0.0020696172634010355,0.0,0.0,0.0
0.0,0.0,0.0,0.0,0.0,0.0,-0.0021555146363395885,0.0,0.0,0.0
0.0,0.0,0.0,0.0,0.0,0.0,-0.0022473434627656172,0.0,0.0,0.0
0.0,0.0,0.0,0.0,0.0,0.0,-0.002345953423263998,0.0,0.0,0.0
0.0,0.0,0.0,0.0,0.0,0.0,-0.0024522398609654844,0.0,0.0,0.0
0.0,0.0,0.0,0.0,0.0,0.0,-0.0025671371799993016,0.0,0.0,0.0
0.0,0.0,0.0,0.0,0.0,0.0,-0.002691611495516606,0.0,0.0,0.0
0.0,0.0,0.0,0.0,0.0,0.0,-0.0028266525870476083,0.0,0.0,0.0
0.0,0.0,0.0,0.0,0.0,0.0,-0.0029732652165311278,0.0,0.0,0.0
0.0,0.0,0.0,0.0,0.0,0.0,-0.0031324598814517633,0.0,0.0,0.0
0.0,0.0,0.0,0.0,0.0,0.0,-0.0033052430820031736,0.0,0.0,0.0
0.0,0.0,0.0,0.0,0.0,0.0,-0.0034926071889491315,0.0,0.0,0.0
0.0,0.0,0.0,0.0,0.0,0.0,-0.003695520005761336,0.0,0.0,0.0
0.0,0.0,0.0,0.0,0.0,0.0,-0.003914914124565881,0.0,0.0,0.0
0.0,0.0,0.0,0.0,0.0,0.0,-0.004151676180340746,0.0,0.0,0.0
0.0,0.0,0.0,0.0,0.0,0.0,-0.004406636111583845,0.0,0.0,0.0
0.0,0.0,0.0,0.0,0.0,0.0,-0.0046805565382563264,0.0,0.0,0.0
0.0,0.0,0.0,0.0,0.0,0.0,-0.0049741223691379035,0.0,0.0,0.0
0.0,0.0,0.0,0.0,0.0,0.0,-0.005287930750774609,0.0,0.0,0.0
0.0,0.0,0.0,0.0,0.0,0.0,-0.005622481468937308,0.0,0.0,0.0
0.0,0.0,0.0,0.0,0.0,0.0,-0.0059781679109295535,0.0,0.0,0.0
0.0,0.0,0.0,0.0,0.0,0.0,-0.006355268693209691,0.0,0.0,0.0
0.0,0.0,0.0,0.0,0.0,0.0,-0.006753940053644661,0.0,0.0,0.0
0.0,0.0,0.0,0.0,0.0,0.0,-0.007174209101349432,0.0,0.0,0.0
0.0,0.0,0.0,0.0,0.0,0.0,-0.007615968009541512,0.0,0.0,0.0
0.0,0.0,0.0,0.0,0.0,0.0,-0.00807896922824575,0.0,0.0,0.0
0.0,0.0,0.0,0.0,0.0,0.0,-0.008562821784101672,0.0,0.0,0.0
0.0,0.0,0.0,0.0,0.0,0.0,-0.00906698872407802,0.0,0.0,0.0
0.0,0.0,0.0,0.0,0.0,0.0,-0.00959078574869427,0.0,0.0,0.0
0.0,0.0,0.0,0.0,0.0,0.0,-0.01013338106852608,0.0,0.0,0.0
0.0,0.0,0.0,0.0,0.0,0.0,-0.01069379650546807,0.0,0.0,0.0
0.0,0.0,0.0,0.0,0.0,0.0,-0.011270909847587286,0.0,0.0,0.0
0.0,0.0,0.0,0.0,0.0,0.0,-0.01186345845358188,0.0,0.0,0.0
0.0,0.0,0.0,0.0,0.0,0.0,-0.012470044090007794,0.0,0.0,0.0
0.0,0.0,0.0,0.0,0.0,0.0,-0.013089138971712067,0.0,0.0,0.0
0.0,0.0,0.0,0.0,0.0,0.0,-0.013719092963467292,0.0,0.0,0.0
0.0,0.0,0.0,0.0,0.0,0.0,-0.014358141888781466,0.0,0.0,0.0
0.0,0.0,0.0,0.0,0.0,0.0,-0.015004416880413644,0.0,0.0,0.0
0.0,0.0,0.0,0.0,0.0,0.0,-0.01565595469638468,0.0,0.0,0.0
0.0,0.0,0.0,0.0,0.0,0.0,-0.016310708915368195,0.0,0.0,0.0
0.0,0.0,0.0,0.0,0.0,0.0,-0.016966561916388265,0.0,0.0,0.0
0.0,0.0,0.0,0.0,0.0,0.0,-0.0008009391145283448,0.0,0.0,0.0
0.0,0.0,0.0,0.0,0.0,0.0,-0.0008112013869042097,0.0,0.0,0.0
0.0,0.0,0.0,0.0,0.0,0.0,-0.0008237075671416118,0.0,0.0,0.0
0.0,0.0,0.0,0.0,0.0,0.0,-0.0008384102630820123,0.0,0.0,0.0
0.0,0.0,0.0,0.0,0.0,0.0,-0.0008552567857555557,0.0,0.0,0.0
0.0,0.0,0.0,0.0,0.0,0.0,-0.000874189337785717,0.0,0.0,0.0
0.0,0.0,0.0,0.0,0.0,0.0,-0.0008951452229085336,0.0,0.0,0.0
0.0,0.0,0.0,0.0,0.0,0.0,-0.0009180570773532639,0.0,0.0,0.0
0.0,0.0,0.0,0.0,0.0,0.0,-0.0009428531238794948,0.0,0.0,0.0
0.0,0.0,0.0,0.0,0.0,0.0,-0.0009694574492865038,0.0,0.0,0.0
0.0,0.0,0.0,0.0,0.0,0.0,-0.000997790306200412,0.0,0.0,0.0
0.0,0.0,0.0,0.0,0.0,0.0,-0.0010277684398995205,0.0,0.0,0.0
0.0,0.0,0.0,0.0,0.0,0.0,-0.0010593054408550564,0.0,0.0,0.0
0.0,0.0,0.0,0.0,0.0,0.0,-0.001092312123540981,0.0,0.0,0.0
0.0,0.0,0.0,0.0,0.0,0.0,-0.0011266969319005406,0.0,0.0,0.0
0.0,0.0,0.0,0.0,0.0,0.0,-0.0011623663716485602,0.0,0.0,0.0
0.0,0.0,0.0,0.0,0.0,0.0,-0.001199225469335831,0.0,0.0,0.0
0.0,0.0,0.0,0.0,0.0,0.0,-0.001237178257807369,0.0,0.0,0.0
0.0,0.0,0.0,0.0,0.0,0.0,-0.0009643412953560782,0.0,0.0,0.0
0.0,0.0,0.0,0.0,0.0,0.0,-0.0009941624692462211,0.0,0.0,0.0
0.0,0.0,0.0,0.0,0.0,0.0,-0.001027441720331656,0.0,0.0,0.0
0.0,0.0,0.0,0.0,0.0,0.0,-0.0010639377706244306,0.0,0.0,0.0
0.0,0.0,0.0,0.0,0.0,0.0,-0.0011033979658656308,0.0,0.0,0.0
0.0,0.0,0.0,0.0,0.0,0.0,-0.0011455619471956381,0.0,0.0,0.0
0.0,0.0,0.0,0.0,0.0,0.0,-0.0011901655980039432,0.0,0.0,0.0
0.0,0.0,0.0,0.0,0.0,0.0,-0.001236945232167544,0.0,0.0,0.0
0.0,0.0,0.0,0.0,0.0,0.0,-0.0012856419853127105,0.0,0.0,0.0
0.0,0.0,0.0,0.0,0.0,0.0,-0.0013360063664295233,0.0,0.0,0.0
0.0,0.0,0.0,0.0,0.0,0.0,-0.0013878029231961927,0.0,0.0,0.0
0.0,0.0,0.0,0.0,0.0,0.0,-0.0014408149708031869,0.0,0.0,0.0
0.0,0.0,0.0,0.0,0.0,0.0,-0.0014948493309645343,0.0,0.0,0.0
0.0,0.0,0.0,0.0,0.0,0.0,-0.0015497410252300827,0.0,0.0,0.0
0.0,0.0,0.0,0.0,0.0,0.0,-0.0016053578647190203,0.0,0.0,0.0
0.0,0.0,0.0,0.0,0.0,0.0,-0.0016616048770387868,0.0,0.0,0.0
0.0,0.0,0.0,0.0,0.0,0.0,-0.001718428510466255,0.0,0.0,0.0
0.0,0.0,0.0,0.0,0.0,0.0,-0.001775820555500625,0.0,0.0,0.0
0.0,0.0,0.0,0.0,0.0,0.0,-0.001833821724662107,0.0,0.0,0.0
0.0,0.0,0.0,0.0,0.0,0.0,-0.0018925248329368365,0.0,0.0,0.0
0.0,0.0,0.0,0.0,0.0,0.0,-0.0019520775235594631,0.0,0.0,0.0
0.0,0.0,0.0,0.0,0.0,0.0,-0.0020126844868811437,0.0,0.0,0.0
0.0,0.0,0.0,0.0,0.0,0.0,-0.002074609123880137,0.0,0.0,0.0
0.0,0.0,0.0,0.0,0.0,0.0,-0.0021381746104122985,0.0,0.0,0.0
0.0,0.0,0.0,0.0,0.0,0.0,-0.002203764323538104,0.0,0.0,0.0
0.0,0.0,0.0,0.0,0.0,0.0,-0.0022718215971563862,0.0,0.0,0.0
0.0,0.0,0.0,0.0,0.0,0.0,-0.002342848780669266,0.0,0.0,0.0
0.0,0.0,0.0,0.0,0.0,0.0,-0.002417405581437197,0.0,0.0,0.0
0.0,0.0,0.0,0.0,0.0,0.0,-0.00249610667928197,0.0,0.0,0.0
0.0,0.0,0.0,0.0,0.0,0.0,-0.0025796186091800698,0.0,0.0,0.0
0.0,0.0,0.0,0.0,0.0,0.0,-0.002668655916472693,0.0,0.0,0.0
0.0,0.0,0.0,0.0,0.0,0.0,-0.002763976597301868,0.0,0.0,0.0
0.0,0.0,0.0,0.0,0.0,0.0,-0.002866376845473885,0.0,0.0,0.0
0.0,0.0,0.0,0.0,0.0,0.0,-0.0029766851354375815,0.0,0.0,0.0
0.0,0.0,0.0,0.0,0.0,0.0,-0.003095755679449678,0.0,0.0,0.0
0.0,0.0,0.0,0.0,0.0,0.0,-0.00322446130516741,0.0,0.0,0.0
0.0,0.0,0.0,0.0,0.0,0.0,-0.0033636858077569333,0.0,0.0,0.0
0.0,0.0,0.0,0.0,0.0,0.0,-0.003514315838030164,0.0,0.0,0.0
0.0,0.0,0.0,0.0,0.0,0.0,-0.0036772323950147977,0.0,0.0,0.0
0.0,0.0,0.0,0.0,0.0,0.0,-0.0038533019976349017,0.0,0.0,0.0
0.0,0.0,0.0,0.0,0.0,0.0,-0.004043367615731728,0.0,0.0,0.0
0.0,0.0,0.0,0.0,0.0,0.0,-0.004248239445409535,0.0,0.0,0.0
0.0,0.0,0.0,0.0,0.0,0.0,-0.004468685617572214,0.0,0.0,0.0
0.0,0.0,0.0,0.0,0.0,0.0,-0.004705422931459665,0.0,0.0,0.0
0.0,0.0,0.0,0.0,0.0,0.0,-0.00495910770694513,0.0,0.0,0.0
0.0,0.0,0.0,0.0,0.0,0.0,-0.00523032685027241,0.0,0.0,0.0
0.0,0.0,0.0,0.0,0.0,0.0,-0.005519589227772052,0.0,0.0,0.0
0.0,0.0,0.0,0.0,0.0,0.0,-0.005827317440875537,0.0,0.0,0.0
0.0,0.0,0.0,0.0,0.0,0.0,-0.006153840093452386,0.0,0.0,0.0
0.0,0.0,0.0,0.0,0.0,0.0,-0.0064993846391326,0.0,0.0,0.0
0.0,0.0,0.0,0.0,0.0,0.0,-0.0068640708918775994,0.0,0.0,0.0
0.0,0.0,0.0,0.0,0.0,0.0,-0.00724790527766144,0.0,0.0,0.0
0.0,0.0,0.0,0.0,0.0,0.0,-0.00765077589878172,0.0,0.0,0.0
0.0,0.0,0.0,0.0,0.0,0.0,-0.008072448475087202,0.0,0.0,0.0
0.0,0.0,0.0,0.0,0.0,0.0,-0.008512563218386797,0.0,0.0,0.0
0.0,0.0,0.0,0.0,0.0,0.0,-0.008970632687553312,0.0,0.0,0.0
0.0,0.0,0.0,0.0,0.0,0.0,-0.009446040662479019,0.0,0.0,0.0
0.0,0.0,0.0,0.0,0.0,0.0,-0.009938042065164831,0.0,0.0,0.0
0.0,0.0,0.0,0.0,0.0,0.0,-0.010445763945958265,0.0,0.0,0.0
0.0,0.0,0.0,0.0,0.0,0.0,-0.01096820754240692,0.0,0.0,0.0
0.0,0.0,0.0,0.0,0.0,0.0,-0.011504251407493072,0.0,0.0,0.0
0.0,0.0,0.0,0.0,0.0,0.0,-0.012052655593280868,0.0,0.0,0.0
0.0,0.0,0.0,0.0,0.0,0.0,-0.012612066865372274,0.0,0.0,0.0
0.0,0.0,0.0,0.0,0.0,0.0,-0.013181024913150454,0.0,0.0,0.0
0.0,0.0,0.0,0.0,0.0,0.0,-0.013757969510713694,0.0,0.0,0.0
0.0,0.0,0.0,0.0,0.0,0.0,-0.014341248573789317,0.0,0.0,0.0
0.0,0.0,0.0,0.0,0.0,0.0,-0.014929127048870977,0.0,0.0,0.0
0.0,0.0,0.0,0.0,0.0,0.0,-0.015519796562455104,0.0,0.0,0.0
0.0,0.0,0.0,0.0,0.0,0.0,-0.01611138575065224,0.0,0.0,0.0
0.0,0.0,0.0,0.0,0.0,0.0,-0.016701971182708362,0.0,0.0,0.0
0.0,0.0,0.0,0.0,0.0,0.0,-0.017289588786156773,0.0,0.0,0.0
0.0,0.0,0.0,0.0,0.0,0.0,-0.0006511763510073372,0.0,0.0,0.0
0.0,0.0,0.0,0.0,0.0,0.0,-0.0006660347554952517,0.0,0.0,0.0
0.0,0.0,0.0,0.0,0.0,0.0,-0.0006819650782694704,0.0,0.0,0.0
0.0,0.0,0.0,0.0,0.0,0.0,-0.0006988832319027539,0.0,0.0,0.0
0.0,0.0,0.0,0.0,0.0,0.0,-0.0007167081842763294,0.0,0.0,0.0
0.0,0.0,0.0,0.0,0.0,0.0,-0.0007353624321468494,0.0,0.0,0.0
0.0,0.0,0.0,0.0,0.0,0.0,-0.0007547724182781139,0.0,0.0,0.0
0.0,0.0,0.0,0.0,0.0,0.0,-0.00077486888936729,0.0,0.0,0.0
0.0,0.0,0.0,0.0,0.0,0.0,-0.0007955871928795738,0.0,0.0,0.0
0.0,0.0,0.0,0.0,0.0,0.0,-0.0008168675118158954,0.0,0.0,0.0
0.0,0.0,0.0,0.0,0.0,0.0,-0.0008386550373613703,0.0,0.0,0.0
0.0,0.0,0.0,0.0,0.0,0.0,-0.0008609000802829356,0.0,0.0,0.0
0.0,0.0,0.0,0.0,0.0,0.0,-0.0008835581228490682,0.0,0.0,0.0
0.0,0.0,0.0,0.0,0.0,0.0,-0.0009065898139172471,0.0,0.0,0.0
0.0,0.0,0.0,0.0,0.0,0.0,-0.0009299609106619205,0.0,0.0,0.0
0.0,0.0,0.0,0.0,0.0,0.0,-0.0009536421711836768,0.0,0.0,0.0
0.0,0.0,0.0,0.0,0.0,0.0,-0.0009776092029352731,0.0,0.0,0.0
0.0,0.0,0.0,0.0,0.0,0.0,-0.0010018422725103192,0.0,0.0,0.0
0.0,0.0,0.0,0.0,0.0,0.0,-0.00102632608285518,0.0,0.0,0.0
0.0,0.0,0.0,0.0,0.0,0.0,-0.0010510495243741197,0.0,0.0,0.0
0.0,0.0,0.0,0.0,0.0,0.0,-0.001076005406693639,0.0,0.0,0.0
0.0,0.0,0.0,0.0,0.0,0.0,-0.0011011901780292144,0.0,0.0,0.0
0.0,0.0,0.0,0.0,0.0,0.0,-0.0011266036391507908,0.0,0.0,0.0
0.0,0.0,0.0,0.0,0.0,0.0,-0.001152248658870789,0.0,0.0,0.0
0.0,0.0,0.0,0.0,0.0,0.0,-0.0009922149157773588,0.0,0.0,0.0
0.0,0.0,0.0,0.0,0.0,0.0,-0.0010099326591697954,0.0,0.0,0.0
0.0,0.0,0.0,0.0,0.0,0.0,-0.0010326255631956378,0.0,0.0,0.0
0.0,0.0,0.0,0.0,0.0,0.0,-0.0010600877709704437,0.0,0.0,0.0
0.0,0.0,0.0,0.0,0.0,0.0,-0.0010920902387683172,0.0,0.0,0.0
0.0,0.0,0.0,0.0,0.0,0.0,-0.001128384302259605,0.0,0.0,0.0
0.0,0.0,0.0,0.0,0.0,0.0,-0.0011687056324467147,0.0,0.0,0.0
0.0,0.0,0.0,0.0,0.0,0.0,-0.0012127785473005177,0.0,0.0,0.0
0.0,0.0,0.0,0.0,0.0,0.0,-0.0012603206391288099,0.0,0.0,0.0
0.0,0.0,0.0,0.0,0.0,0.0,-0.0013110476720122645,0.0,0.0,0.0
0.0,0.0,0.0,0.0,0.0,0.0,-0.0013646786983100745,0.0,0.0,0.0
0.0,0.0,0.0,0.0,0.0,0.0,-0.0014209413383557004,0.0,0.0,0.0
0.0,0.0,0.0,0.0,0.0,0.0,-0.0014795771631133554,0.0,0.0,0.0
0.0,0.0,0.0,0.0,0.0,0.0,-0.0015403471158320979,0.0,0.0,0.0
0.0,0.0,0.0,0.0,0.0,0.0,-0.0016030369056835546,0.0,0.0,0.0
0.0,0.0,0.0,0.0,0.0,0.0,-0.0016674623040752535,0.0,0.0,0.0
0.0,0.0,0.0,0.0,0.0,0.0,-0.0017334742728443765,0.0,0.0,0.0
0.0,0.0,0.0,0.0,0.0,0.0,-0.0018009638529131022,0.0,0.0,0.0
0.0,0.0,0.0,0.0,0.0,0.0,-0.0018698667422577231,0.0,0.0,0.0
0.0,0.0,0.0,0.0,0.0,0.0,-0.0019401674932418614,0.0,0.0,0.0
0.0,0.0,0.0,0.0,0.0,0.0,-0.002011903261499661,0.0,0.0,0.0
0.0,0.0,0.0,0.0,0.0,0.0,-0.0020851670416333697,0.0,0.0,0.0
0.0,0.0,0.0,0.0,0.0,0.0,-0.002160110328997658,0.0,0.0,0.0
0.0,0.0,0.0,0.0,0.0,0.0,-0.002236945151757973,0.0,0.0,0.0
0.0,0.0,0.0,0.0,0.0,0.0,-0.0023159454231911126,0.0,0.0,0.0
0.0,0.0,0.0,0.0,0.0,0.0,-0.0023974475707981453,0.0,0.0,0.0
0.0,0.0,0.0,0.0,0.0,0.0,-0.0024818504061511217,0.0,0.0,0.0
0.0,0.0,0.0,0.0,0.0,0.0,-0.002569614207427051,0.0,0.0,0.0
0.0,0.0,0.0,0.0,0.0,0.0,-0.0026612589952036913,0.0,0.0,0.0
0.0,0.0,0.0,0.0,0.0,0.0,-0.002757361991205451,0.0,0.0,0.0
0.0,0.0,0.0,0.0,0.0,0.0,-0.002858554259188698,0.0,0.0,0.0
0.0,0.0,0.0,0.0,0.0,0.0,-0.0029655165369246984,0.0,0.0,0.0
0.0,0.0,0.0,0.0,0.0,0.0,-0.003078974278162309,0.0,0.0,0.0
0.0,0.0,0.0,0.0,0.0,0.0,-0.0031996919333941954,0.0,0.0,0.0
0.0,0.0,0.0,0.0,0.0,0.0,-0.0033284665080940755,0.0,0.0,0.0
0.0,0.0,0.0,0.0,0.0,0.0,-0.0034661204466950005,0.0,0.0,0.0
0.0,0.0,0.0,0.0,0.0,0.0,-0.003613493899819795,0.0,0.0,0.0
0.0,0.0,0.0,0.0,0.0,0.0,-0.0037714364410253356,0.0,0.0,0.0
0.0,0.0,0.0,0.0,0.0,0.0,-0.00394079830745443,0.0,0.0,0.0
0.0,0.0,0.0,0.0,0.0,0.0,-0.004122421246195542,0.0,0.0,0.0
0.0,0.0,0.0,0.0,0.0,0.0,-0.004317129054712375,0.0,0.0,0.0
0.0,0.0,0.0,0.0,0.0,0.0,-0.004525717909334673,0.0,0.0,0.0
0.0,0.0,0.0,0.0,0.0,0.0,-0.0047489465803986445,0.0,0.0,0.0
0.0,0.0,0.0,0.0,0.0,0.0,-0.004987526636128705,0.0,0.0,0.0
0.0,0.0,0.0,0.0,0.0,0.0,-0.0052421127396859125,0.0,0.0,0.0
0.0,0.0,0.0,0.0,0.0,0.0,-0.005513293144940696,0.0,0.0,0.0
0.0,0.0,0.0,0.0,0.0,0.0,-0.005801580496413206,0.0,0.0,0.0
0.0,0.0,0.0,0.0,0.0,0.0,-0.0061074030374639494,0.0,0.0,0.0
0.0,0.0,0.0,0.0,0.0,0.0,-0.006431096328198669,0.0,0.0,0.0
0.0,0.0,0.0,0.0,0.0,0.0,-0.006772895570703325,0.0,0.0,0.0
0.0,0.0,0.0,0.0,0.0,0.0,-0.007132928634180088,0.0,0.0,0.0
0.0,0.0,0.0,0.0,0.0,0.0,-0.0075112098663618065,0.0,0.0,0.0
0.0,0.0,0.0,0.0,0.0,0.0,-0.007907634770313934,0.0,0.0,0.0
0.0,0.0,0.0,0.0,0.0,0.0,-0.008321975617464825,0.0,0.0,0.0
0.0,0.0,0.0,0.0,0.0,0.0,-0.008753878058540191,0.0,0.0,0.0
0.0,0.0,0.0,0.0,0.0,0.0,-0.009202858784114705,0.0,0.0,0.0
0.0,0.0,0.0,0.0,0.0,0.0,-0.009668304275860323,0.0,0.0,0.0
0.0,0.0,0.0,0.0,0.0,0.0,-0.010149470678389885,0.0,0.0,0.0
0.0,0.0,0.0,0.0,0.0,0.0,-0.010645484810001729,0.0,0.0,0.0
0.0,0.0,0.0,0.0,0.0,0.0,-0.011155346318768869,0.0,0.0,0.0
0.0,0.0,0.0,0.0,0.0,0.0,-0.011677930978427533,0.0,0.0,0.0
0.0,0.0,0.0,0.0,0.0,0.0,-0.012211995106552864,0.0,0.0,0.0
0.0,0.0,0.0,0.0,0.0,0.0,-0.012756181075706021,0.0,0.0,0.0
0.0,0.0,0.0,0.0,0.0,0.0,-0.013309023876744052,0.0,0.0,0.0
0.0,0.0,0.0,0.0,0.0,0.0,-0.013868958682437106,0.0,0.0,0.0
0.0,0.0,0.0,0.0,0.0,0.0,-0.014434329349072433,0.0,0.0,0.0
0.0,0.0,0.0,0.0,0.0,0.0,-0.015003397783960173,0.0,0.0,0.0
0.0,0.0,0.0,0.0,0.0,0.0,-0.015574354097813582,0.0,0.0,0.0
0.0,0.0,0.0,0.0,0.0,0.0,-0.016145327452952007,0.0,0.0,0.0
0.0,0.0,0.0,0.0,0.0,0.0,-0.01671439751126559,0.0,0.0,0.0
